round, cid, loss, accuracy, model_size, train_time, cyfer_time, decyfer_time
1, 8, 1.1125190258026123, 0.5531963109970093, 547800, 1.595823049545288, 0, 0
1, 1, 0.7073388695716858, 0.752630889415741, 547800, 2.083068609237671, 0, 0
2, 8, 0.7925472259521484, 0.6758527159690857, 547800, 0.8655054569244385, 0, 0
2, 7, 0.5581204891204834, 0.7908796668052673, 547800, 2.0396499633789062, 0, 0
2, 0, 0.5288740992546082, 0.8090625405311584, 547800, 2.800806999206543, 0, 0
2, 4, 0.34064599871635437, 0.880048930644989, 547800, 3.0744621753692627, 0, 0
2, 2, 0.5645574331283569, 0.797248899936676, 547800, 3.1125881671905518, 0, 0
3, 8, 0.723121702671051, 0.708380401134491, 547800, 1.2664120197296143, 0, 0
3, 0, 0.4450269043445587, 0.841241180896759, 547800, 1.7857286930084229, 0, 0
3, 1, 0.45957282185554504, 0.8313628435134888, 547800, 2.134561777114868, 0, 0
3, 5, 0.4314787685871124, 0.8449208736419678, 547800, 2.3787734508514404, 0, 0
3, 9, 0.4587995409965515, 0.834515392780304, 547800, 2.457516670227051, 0, 0
4, 8, 0.6764634251594543, 0.727354884147644, 547800, 1.544713020324707, 0, 0
4, 4, 0.2559536397457123, 0.9105127453804016, 547800, 2.3790335655212402, 0, 0
4, 1, 0.4199185371398926, 0.842406153678894, 547800, 2.448666572570801, 0, 0
4, 2, 0.47355881333351135, 0.8292682766914368, 547800, 2.6036195755004883, 0, 0
4, 3, 0.3100228011608124, 0.8994362354278564, 547800, 2.6936116218566895, 0, 0
5, 7, 0.4194757640361786, 0.847274661064148, 547800, 1.236215353012085, 0, 0
5, 5, 0.3726663291454315, 0.8717735409736633, 547800, 1.5448508262634277, 0, 0
5, 3, 0.2846713662147522, 0.9072558879852295, 547800, 1.6889567375183105, 0, 0
5, 4, 0.22435155510902405, 0.91989666223526, 547800, 2.008152961730957, 0, 0
5, 6, 0.49500182271003723, 0.8263988494873047, 547800, 2.500317096710205, 0, 0
6, 8, 0.6203659176826477, 0.7479105591773987, 547800, 1.6972498893737793, 0, 0
6, 3, 0.2625473439693451, 0.9150754809379578, 547800, 1.9952220916748047, 0, 0
6, 0, 0.3733246922492981, 0.8663601875305176, 547800, 2.12387752532959, 0, 0
6, 2, 0.42618420720100403, 0.8484567999839783, 547800, 2.4851491451263428, 0, 0
6, 4, 0.21463239192962646, 0.9252005815505981, 547800, 2.6219735145568848, 0, 0
7, 7, 0.38343557715415955, 0.8548300266265869, 547800, 1.4077022075653076, 0, 0
7, 8, 0.5916007161140442, 0.7704992294311523, 547800, 1.6534829139709473, 0, 0
7, 6, 0.45598548650741577, 0.8417025208473206, 547800, 2.0751049518585205, 0, 0
7, 1, 0.36591023206710815, 0.8691698312759399, 547800, 2.3329269886016846, 0, 0
7, 2, 0.4103243350982666, 0.8541209101676941, 547800, 2.437830924987793, 0, 0
8, 8, 0.5662552714347839, 0.7756946086883545, 547800, 1.7338495254516602, 0, 0
8, 9, 0.35921695828437805, 0.8770685791969299, 547800, 2.0098483562469482, 0, 0
8, 6, 0.42423489689826965, 0.8541367650032043, 547800, 2.186656951904297, 0, 0
8, 4, 0.200851172208786, 0.9317285418510437, 547800, 2.366490602493286, 0, 0
8, 2, 0.38805514574050903, 0.8594382405281067, 547800, 2.513293743133545, 0, 0
9, 7, 0.35888004302978516, 0.8645439743995667, 547800, 1.3978567123413086, 0, 0
9, 5, 0.3118297755718231, 0.8927976489067078, 547800, 1.6864449977874756, 0, 0
9, 3, 0.23419789969921112, 0.9221676588058472, 547800, 1.8368275165557861, 0, 0
9, 2, 0.37417876720428467, 0.8632528185844421, 547800, 2.1847856044769287, 0, 0
9, 8, 0.5442293286323547, 0.7813417911529541, 547800, 2.613236904144287, 0, 0
10, 8, 0.5369091033935547, 0.7806640863418579, 547800, 1.6587719917297363, 0, 0
10, 9, 0.3386516571044922, 0.8821603655815125, 547800, 2.0600552558898926, 0, 0
10, 0, 0.3394993245601654, 0.8767033219337463, 547800, 2.152833938598633, 0, 0
10, 6, 0.4170728921890259, 0.8563685417175293, 547800, 2.2181777954101562, 0, 0
10, 1, 0.33318468928337097, 0.8804728984832764, 547800, 2.377095937728882, 0, 0
11, 7, 0.3329968750476837, 0.8783054351806641, 547800, 1.3766732215881348, 0, 0
11, 8, 0.5239028930664062, 0.7860853672027588, 547800, 1.613555908203125, 0, 0
11, 3, 0.2261626422405243, 0.9276232123374939, 547800, 1.8747258186340332, 0, 0
11, 0, 0.3160194456577301, 0.8863897323608398, 547800, 1.9858472347259521, 0, 0
11, 1, 0.32318904995918274, 0.8811225295066833, 547800, 2.138849973678589, 0, 0
12, 5, 0.292926162481308, 0.8977935314178467, 547800, 1.7759041786193848, 0, 0
12, 9, 0.31593379378318787, 0.8892526030540466, 547800, 2.025534152984619, 0, 0
12, 0, 0.3154745399951935, 0.8857330679893494, 547800, 2.148820400238037, 0, 0
12, 6, 0.39076176285743713, 0.8662521839141846, 547800, 2.190229892730713, 0, 0
12, 4, 0.1804226040840149, 0.9382565021514893, 547800, 2.3077311515808105, 0, 0
13, 7, 0.32356199622154236, 0.8815434575080872, 547800, 1.4041907787322998, 0, 0
13, 8, 0.5177927613258362, 0.7978314757347107, 547800, 1.6456458568572998, 0, 0
13, 9, 0.3133731484413147, 0.8861611485481262, 547800, 1.8787195682525635, 0, 0
13, 0, 0.30454060435295105, 0.8898374438285828, 547800, 1.9928052425384521, 0, 0
13, 6, 0.37946459650993347, 0.8715128302574158, 547800, 2.004549026489258, 0, 0
14, 8, 0.5007773041725159, 0.7987350225448608, 547800, 1.7280545234680176, 0, 0
14, 9, 0.2973349988460541, 0.8967084884643555, 547800, 2.001375198364258, 0, 0
14, 3, 0.21475575864315033, 0.9301691055297852, 547800, 2.053633689880371, 0, 0
14, 1, 0.309237003326416, 0.8837209343910217, 547800, 2.4197723865509033, 0, 0
14, 2, 0.35140731930732727, 0.8715755343437195, 547800, 2.50445294380188, 0, 0
15, 7, 0.32009392976760864, 0.8801943063735962, 547800, 1.4138340950012207, 0, 0
15, 3, 0.20378504693508148, 0.9318057894706726, 547800, 1.9143702983856201, 0, 0
15, 4, 0.17400702834129333, 0.9405684471130371, 547800, 2.210282802581787, 0, 0
15, 2, 0.3393895924091339, 0.8786267638206482, 547800, 2.3502097129821777, 0, 0
15, 5, 0.2695896029472351, 0.9065362215042114, 547800, 2.6215012073516846, 0, 0
16, 5, 0.25686344504356384, 0.9100749492645264, 547800, 1.7309925556182861, 0, 0
16, 9, 0.2973993420600891, 0.8917984962463379, 547800, 1.9332334995269775, 0, 0
16, 3, 0.19741380214691162, 0.9350790977478027, 547800, 1.9995307922363281, 0, 0
16, 0, 0.304069459438324, 0.8906583189964294, 547800, 2.1102731227874756, 0, 0
16, 6, 0.372355580329895, 0.8737446069717407, 547800, 2.122586965560913, 0, 0
17, 8, 0.4921504855155945, 0.803704559803009, 547800, 1.7199368476867676, 0, 0
17, 0, 0.287301242351532, 0.8934493660926819, 547800, 2.223690986633301, 0, 0
17, 6, 0.3856204152107239, 0.8664116263389587, 547800, 2.2862837314605713, 0, 0
17, 4, 0.1596129685640335, 0.9441044330596924, 547800, 2.437311887741089, 0, 0
17, 1, 0.29846295714378357, 0.8894374370574951, 547800, 2.4974677562713623, 0, 0
18, 3, 0.1938268393278122, 0.9358065128326416, 547800, 2.023937940597534, 0, 0
18, 9, 0.28132614493370056, 0.8988907337188721, 547800, 2.036208391189575, 0, 0
18, 6, 0.3436594605445862, 0.8834688067436218, 547800, 2.1997621059417725, 0, 0
18, 4, 0.15325087308883667, 0.9491364359855652, 547800, 2.388732433319092, 0, 0
18, 2, 0.32351046800613403, 0.8794358968734741, 547800, 2.5186643600463867, 0, 0
19, 7, 0.30640238523483276, 0.8899082541465759, 547800, 1.4297785758972168, 0, 0
19, 8, 0.47983676195144653, 0.8064152002334595, 547800, 1.6426141262054443, 0, 0
19, 5, 0.2518666982650757, 0.9131973385810852, 547800, 1.7240238189697266, 0, 0
19, 3, 0.19066208600997925, 0.9370794892311096, 547800, 1.8571326732635498, 0, 0
19, 4, 0.15049846470355988, 0.9466884136199951, 547800, 2.071477174758911, 0, 0
20, 8, 0.47535327076911926, 0.8057374954223633, 547800, 1.7544708251953125, 0, 0
20, 5, 0.24530328810214996, 0.9152789115905762, 547800, 1.8197588920593262, 0, 0
20, 9, 0.28294801712036133, 0.9007092118263245, 547800, 2.0032601356506348, 0, 0
20, 1, 0.2857394516468048, 0.8950240612030029, 547800, 2.4008283615112305, 0, 0
20, 2, 0.316138356924057, 0.8859091401100159, 547800, 2.488414764404297, 0, 0
21, 7, 0.2981843650341034, 0.8915272355079651, 547800, 1.4120373725891113, 0, 0
21, 8, 0.45890456438064575, 0.8129658699035645, 547800, 1.6096765995025635, 0, 0
21, 5, 0.23340196907520294, 0.9144462943077087, 547800, 1.740485429763794, 0, 0
21, 4, 0.14752833545207977, 0.9490004181861877, 547800, 2.1580448150634766, 0, 0
21, 1, 0.27570000290870667, 0.8987917304039001, 547800, 2.2298216819763184, 0, 0
22, 5, 0.22334854304790497, 0.922356367111206, 547800, 1.7567822933197021, 0, 0
22, 3, 0.18511433899402618, 0.9370794892311096, 547800, 2.0075478553771973, 0, 0
22, 0, 0.2818072736263275, 0.8998522162437439, 547800, 2.140758514404297, 0, 0
22, 6, 0.3452414572238922, 0.8826717734336853, 547800, 2.149672508239746, 0, 0
22, 2, 0.3079572916030884, 0.8869494795799255, 547800, 2.4309492111206055, 0, 0
23, 9, 0.2739832103252411, 0.9047099351882935, 547800, 2.076366424560547, 0, 0
23, 0, 0.27061647176742554, 0.9024790525436401, 547800, 2.2348086833953857, 0, 0
23, 6, 0.32743510603904724, 0.8895265460014343, 547800, 2.258920907974243, 0, 0
23, 4, 0.13778121769428253, 0.9526723623275757, 547800, 2.4601247310638428, 0, 0
23, 2, 0.29510125517845154, 0.8935382962226868, 547800, 2.601696729660034, 0, 0
24, 8, 0.4550325572490692, 0.8113846778869629, 547800, 1.640916109085083, 0, 0
24, 9, 0.2632354199886322, 0.9081650972366333, 547800, 1.9951496124267578, 0, 0
24, 3, 0.17875006794929504, 0.941443920135498, 547800, 2.0050857067108154, 0, 0
24, 0, 0.26828891038894653, 0.9019865393638611, 547800, 2.1027629375457764, 0, 0
24, 6, 0.33135199546813965, 0.8821935057640076, 547800, 2.135760545730591, 0, 0
25, 7, 0.289008766412735, 0.8901780843734741, 547800, 1.4131090641021729, 0, 0
25, 5, 0.2293017953634262, 0.9150707721710205, 547800, 1.715322732925415, 0, 0
25, 4, 0.1353881061077118, 0.9560723304748535, 547800, 2.319969892501831, 0, 0
25, 1, 0.2698591947555542, 0.9010003805160522, 547800, 2.3862545490264893, 0, 0
25, 2, 0.2928101122379303, 0.8958501815795898, 547800, 2.5073401927948, 0, 0
26, 7, 0.28788548707962036, 0.8880194425582886, 547800, 1.4110050201416016, 0, 0
26, 9, 0.261318176984787, 0.9065284729003906, 547800, 1.9506254196166992, 0, 0
26, 3, 0.17636065185070038, 0.94017094373703, 547800, 1.9658386707305908, 0, 0
26, 0, 0.2645118832588196, 0.9011656641960144, 547800, 2.052711009979248, 0, 0
26, 4, 0.13403873145580292, 0.952536404132843, 547800, 2.2071480751037598, 0, 0
27, 3, 0.16555088758468628, 0.9443535208702087, 547800, 2.045046329498291, 0, 0
27, 6, 0.31793034076690674, 0.8909612894058228, 547800, 2.2761170864105225, 0, 0
27, 1, 0.2595824897289276, 0.9029492139816284, 547800, 2.541452646255493, 0, 0
27, 0, 0.24804627895355225, 0.9103595614433289, 547800, 2.6270341873168945, 0, 0
27, 2, 0.28592753410339355, 0.897584080696106, 547800, 2.6313133239746094, 0, 0
28, 7, 0.27398228645324707, 0.900431752204895, 547800, 1.4197139739990234, 0, 0
28, 8, 0.44748789072036743, 0.8229048848152161, 547800, 1.6656827926635742, 0, 0
28, 0, 0.24545875191688538, 0.9118371605873108, 547800, 2.0584068298339844, 0, 0
28, 6, 0.32314783334732056, 0.8885700702667236, 547800, 2.1111364364624023, 0, 0
28, 2, 0.27856749296188354, 0.8989711999893188, 547800, 2.3701961040496826, 0, 0
29, 7, 0.2742573022842407, 0.8977333903312683, 547800, 1.4252221584320068, 0, 0
29, 5, 0.22261661291122437, 0.9217318892478943, 547800, 1.7201743125915527, 0, 0
29, 3, 0.16557329893112183, 0.9427168369293213, 547800, 1.87980318069458, 0, 0
29, 6, 0.29922521114349365, 0.8998883962631226, 547800, 2.042452096939087, 0, 0
29, 2, 0.27009424567222595, 0.9017454385757446, 547800, 2.321376085281372, 0, 0
30, 7, 0.2649688124656677, 0.901780903339386, 547800, 1.3702239990234375, 0, 0
30, 5, 0.213375523686409, 0.9256869554519653, 547800, 1.726633071899414, 0, 0
30, 6, 0.301235556602478, 0.8949465751647949, 547800, 2.0976338386535645, 0, 0
30, 4, 0.12901820242404938, 0.9543043375015259, 547800, 2.25589919090271, 0, 0
30, 1, 0.2531389892101288, 0.9069767594337463, 547800, 2.3224878311157227, 0, 0
31, 7, 0.2639586925506592, 0.9009714126586914, 547800, 1.4266948699951172, 0, 0
31, 5, 0.20443616807460785, 0.9275603890419006, 547800, 1.7617442607879639, 0, 0
31, 0, 0.24734683334827423, 0.9110162258148193, 547800, 2.0768885612487793, 0, 0
31, 6, 0.2997499406337738, 0.894468367099762, 547800, 2.1087307929992676, 0, 0
31, 2, 0.266110897064209, 0.9022078514099121, 547800, 2.3858113288879395, 0, 0
32, 5, 0.20033639669418335, 0.9323480725288391, 547800, 1.751004934310913, 0, 0
32, 3, 0.16299986839294434, 0.9465357065200806, 547800, 1.9794471263885498, 0, 0
32, 6, 0.2928626835346222, 0.899091362953186, 547800, 2.197223424911499, 0, 0
32, 1, 0.24810485541820526, 0.9050279259681702, 547800, 2.459243059158325, 0, 0
32, 2, 0.25716084241867065, 0.9071783423423767, 547800, 2.5647470951080322, 0, 0
33, 7, 0.26252028346061707, 0.903130054473877, 547800, 1.4001739025115967, 0, 0
33, 5, 0.1962263435125351, 0.9300583004951477, 547800, 1.72894287109375, 0, 0
33, 3, 0.15435704588890076, 0.9490816593170166, 547800, 1.914642095565796, 0, 0
33, 6, 0.28503310680389404, 0.9002072215080261, 547800, 2.0783815383911133, 0, 0
33, 2, 0.24794325232505798, 0.9087966680526733, 547800, 2.3242623805999756, 0, 0
34, 7, 0.25769364833831787, 0.9028602242469788, 547800, 1.4334726333618164, 0, 0
34, 5, 0.19937488436698914, 0.9315153956413269, 547800, 1.7301440238952637, 0, 0
34, 3, 0.15213806927204132, 0.9467175602912903, 547800, 1.891542673110962, 0, 0
34, 4, 0.1273321956396103, 0.9558003544807434, 547800, 2.2337048053741455, 0, 0
34, 2, 0.24334724247455597, 0.912958025932312, 547800, 2.3681368827819824, 0, 0
35, 7, 0.2607928216457367, 0.901780903339386, 547800, 1.3888068199157715, 0, 0
35, 5, 0.18668389320373535, 0.9348459839820862, 547800, 1.731602430343628, 0, 0
35, 3, 0.14791016280651093, 0.9499909281730652, 547800, 1.898130178451538, 0, 0
35, 9, 0.25081345438957214, 0.9110747575759888, 547800, 1.9224181175231934, 0, 0
35, 1, 0.24612084031105042, 0.9060673117637634, 547800, 2.166712999343872, 0, 0
36, 5, 0.1903930902481079, 0.9310990571975708, 547800, 1.8062324523925781, 0, 0
36, 3, 0.14239194989204407, 0.9529005289077759, 547800, 2.03578782081604, 0, 0
36, 0, 0.24594296514987946, 0.9106879234313965, 547800, 2.1765565872192383, 0, 0
36, 1, 0.23449920117855072, 0.9112641215324402, 547800, 2.4967076778411865, 0, 0
36, 2, 0.23999415338039398, 0.9116865396499634, 547800, 2.57265043258667, 0, 0
37, 9, 0.24205368757247925, 0.9134387969970703, 547800, 1.932668685913086, 0, 0
37, 3, 0.14135143160820007, 0.9516275525093079, 547800, 1.9440655708312988, 0, 0
37, 4, 0.12389405071735382, 0.9577043652534485, 547800, 2.2466702461242676, 0, 0
37, 1, 0.22992867231369019, 0.9108743667602539, 547800, 2.295548677444458, 0, 0
37, 7, 0.2565716505050659, 0.9039395451545715, 547800, 2.6134719848632812, 0, 0
38, 7, 0.24506376683712006, 0.907717227935791, 547800, 1.3560032844543457, 0, 0
38, 8, 0.4405001103878021, 0.8226790428161621, 547800, 1.66416597366333, 0, 0
38, 3, 0.1326379030942917, 0.9545372128486633, 547800, 1.9187507629394531, 0, 0
38, 0, 0.24228604137897491, 0.9088819622993469, 547800, 2.032085418701172, 0, 0
38, 6, 0.29146239161491394, 0.9003666639328003, 547800, 2.0419609546661377, 0, 0
39, 7, 0.2418738752603531, 0.9106853604316711, 547800, 1.4442477226257324, 0, 0
39, 8, 0.4244784116744995, 0.8299073576927185, 547800, 1.6461737155914307, 0, 0
39, 9, 0.22971202433109283, 0.9187124967575073, 547800, 1.880662202835083, 0, 0
39, 0, 0.22855041921138763, 0.9182400107383728, 547800, 1.9798884391784668, 0, 0
39, 4, 0.11782009154558182, 0.9596083164215088, 547800, 2.1474132537841797, 0, 0
40, 7, 0.23349574208259583, 0.9139233827590942, 547800, 1.3870208263397217, 0, 0
40, 0, 0.22021014988422394, 0.9210310578346252, 547800, 2.145664930343628, 0, 0
40, 4, 0.10555330663919449, 0.9613763093948364, 547800, 2.4022374153137207, 0, 0
40, 1, 0.22804857790470123, 0.9143822193145752, 547800, 2.5022053718566895, 0, 0
40, 2, 0.24010300636291504, 0.9105305671691895, 547800, 2.5949506759643555, 0, 0
41, 9, 0.226793572306633, 0.9154391884803772, 547800, 2.090094804763794, 0, 0
41, 0, 0.21985825896263123, 0.9205384850502014, 547800, 2.2326138019561768, 0, 0
41, 6, 0.2835771143436432, 0.9049896597862244, 547800, 2.2694039344787598, 0, 0
41, 1, 0.22222816944122314, 0.9164609313011169, 547800, 2.529679298400879, 0, 0
41, 2, 0.2303820252418518, 0.9150387048721313, 547800, 2.6722333431243896, 0, 0
42, 8, 0.42526546120643616, 0.8296815156936646, 547800, 1.6661763191223145, 0, 0
42, 9, 0.22306589782238007, 0.918894350528717, 547800, 1.979036569595337, 0, 0
42, 0, 0.21253113448619843, 0.9252996444702148, 547800, 2.1372807025909424, 0, 0
42, 1, 0.21193057298660278, 0.9185397028923035, 547800, 2.407116413116455, 0, 0
42, 2, 0.22304967045783997, 0.9201248288154602, 547800, 2.5129454135894775, 0, 0
43, 7, 0.23895925283432007, 0.9098758697509766, 547800, 1.3898141384124756, 0, 0
43, 5, 0.19556924700737, 0.9269359111785889, 547800, 1.7462027072906494, 0, 0
43, 3, 0.14339597523212433, 0.9510819911956787, 547800, 1.9049913883209229, 0, 0
43, 9, 0.20933973789215088, 0.9236224889755249, 547800, 1.9140346050262451, 0, 0
43, 0, 0.21298064291477203, 0.9188967347145081, 547800, 1.9932751655578613, 0, 0
44, 7, 0.22548744082450867, 0.9203993678092957, 547800, 1.3975141048431396, 0, 0
44, 5, 0.1873057335615158, 0.936511218547821, 547800, 1.7166478633880615, 0, 0
44, 9, 0.2093852162361145, 0.9225313663482666, 547800, 1.8942492008209229, 0, 0
44, 3, 0.13257354497909546, 0.9543553590774536, 547800, 1.9014880657196045, 0, 0
44, 0, 0.20442363619804382, 0.9238220453262329, 547800, 1.971134901046753, 0, 0
45, 5, 0.17108939588069916, 0.9360949397087097, 547800, 1.7941324710845947, 0, 0
45, 9, 0.2010686993598938, 0.9248954057693481, 547800, 2.0045647621154785, 0, 0
45, 3, 0.12530437111854553, 0.9558101296424866, 547800, 2.034123659133911, 0, 0
45, 4, 0.11384319514036179, 0.9606963396072388, 547800, 2.3390839099884033, 0, 0
45, 1, 0.21470341086387634, 0.919579029083252, 547800, 2.3906123638153076, 0, 0
46, 7, 0.23458966612815857, 0.9144630432128906, 547800, 1.4312944412231445, 0, 0
46, 3, 0.1211499348282814, 0.9569012522697449, 547800, 1.9433202743530273, 0, 0
46, 0, 0.20751963555812836, 0.9244787096977234, 547800, 2.085139513015747, 0, 0
46, 4, 0.09917975962162018, 0.9657282829284668, 547800, 2.277348041534424, 0, 0
46, 1, 0.20535774528980255, 0.9238664507865906, 547800, 2.3363873958587646, 0, 0
47, 7, 0.22425349056720734, 0.9166216850280762, 547800, 1.4357357025146484, 0, 0
47, 8, 0.4175609052181244, 0.8348768949508667, 547800, 1.6446888446807861, 0, 0
47, 6, 0.2927139401435852, 0.8989319205284119, 547800, 2.0793871879577637, 0, 0
47, 4, 0.0943574607372284, 0.967904269695282, 547800, 2.2384049892425537, 0, 0
47, 1, 0.1953902691602707, 0.9273743033409119, 547800, 2.3121252059936523, 0, 0
48, 8, 0.4011233448982239, 0.8402981758117676, 547800, 1.6521217823028564, 0, 0
48, 5, 0.17813417315483093, 0.9358867406845093, 547800, 1.7998731136322021, 0, 0
48, 3, 0.12847889959812164, 0.9538097977638245, 547800, 1.952430248260498, 0, 0
48, 6, 0.27044710516929626, 0.9049896597862244, 547800, 2.096295118331909, 0, 0
48, 2, 0.23366425931453705, 0.9146919250488281, 547800, 2.3599748611450195, 0, 0
49, 7, 0.22235192358493805, 0.9179708361625671, 547800, 1.4248437881469727, 0, 0
49, 5, 0.16863182187080383, 0.9429641962051392, 547800, 1.76363205909729, 0, 0
49, 3, 0.11850307881832123, 0.958719789981842, 547800, 1.9372360706329346, 0, 0
49, 9, 0.21052786707878113, 0.921622097492218, 547800, 1.9482576847076416, 0, 0
49, 4, 0.09761349111795425, 0.9664082527160645, 547800, 2.1404993534088135, 0, 0
50, 7, 0.22094494104385376, 0.9152725338935852, 547800, 1.3668432235717773, 0, 0
50, 8, 0.39444658160209656, 0.8391687273979187, 547800, 1.6611244678497314, 0, 0
50, 6, 0.27226758003234863, 0.9051490426063538, 547800, 2.0687613487243652, 0, 0
50, 4, 0.09277700632810593, 0.967360258102417, 547800, 2.271245241165161, 0, 0
50, 2, 0.2208206206560135, 0.9217431545257568, 547800, 2.431486129760742, 0, 0
51, 7, 0.21376165747642517, 0.9185104966163635, 547800, 1.4051761627197266, 0, 0
51, 9, 0.20054778456687927, 0.9261683821678162, 547800, 1.9588143825531006, 0, 0
51, 4, 0.08379006385803223, 0.9707602262496948, 547800, 2.3114137649536133, 0, 0
51, 2, 0.2095578908920288, 0.922899067401886, 547800, 2.45391845703125, 0, 0
51, 6, 0.25901463627815247, 0.9126414656639099, 547800, 2.628272294998169, 0, 0
52, 7, 0.21259813010692596, 0.9171613454818726, 547800, 1.4269769191741943, 0, 0
52, 5, 0.17550387978553772, 0.9394254684448242, 547800, 1.733947992324829, 0, 0
52, 3, 0.12319996953010559, 0.957446813583374, 547800, 1.9069395065307617, 0, 0
52, 9, 0.1947505921125412, 0.9267139434814453, 547800, 1.9092426300048828, 0, 0
52, 6, 0.25345325469970703, 0.9115256071090698, 547800, 2.004755735397339, 0, 0
53, 7, 0.20483209192752838, 0.9201295375823975, 547800, 1.439385175704956, 0, 0
53, 8, 0.39580461382865906, 0.8414276242256165, 547800, 1.6413533687591553, 0, 0
53, 0, 0.2185034602880478, 0.9195534586906433, 547800, 2.006502151489258, 0, 0
53, 1, 0.20548522472381592, 0.9234766960144043, 547800, 2.3457491397857666, 0, 0
53, 2, 0.20822055637836456, 0.9215119481086731, 547800, 2.4139108657836914, 0, 0
54, 8, 0.39132755994796753, 0.8454935550689697, 547800, 1.6539316177368164, 0, 0
54, 0, 0.2038663774728775, 0.9246429204940796, 547800, 2.1812503337860107, 0, 0
54, 6, 0.2516005337238312, 0.9112067818641663, 547800, 2.201594591140747, 0, 0
54, 4, 0.0875934511423111, 0.9696722626686096, 547800, 2.4328787326812744, 0, 0
54, 1, 0.19143660366535187, 0.9303624629974365, 547800, 2.4888248443603516, 0, 0
55, 7, 0.2094888836145401, 0.9225580096244812, 547800, 1.3993165493011475, 0, 0
55, 9, 0.19442959129810333, 0.9278050661087036, 547800, 1.9392268657684326, 0, 0
55, 3, 0.1196441799402237, 0.9579923748970032, 547800, 1.9674346446990967, 0, 0
55, 0, 0.2005297988653183, 0.9261205196380615, 547800, 2.0396728515625, 0, 0
55, 1, 0.1887967437505722, 0.9282837510108948, 547800, 2.2494888305664062, 0, 0
56, 7, 0.20142914354801178, 0.9225580096244812, 547800, 1.3820629119873047, 0, 0
56, 8, 0.3902099132537842, 0.8384910821914673, 547800, 1.6407740116119385, 0, 0
56, 5, 0.18392618000507355, 0.9338051676750183, 547800, 1.7102324962615967, 0, 0
56, 3, 0.11704603582620621, 0.958719789981842, 547800, 1.8389315605163574, 0, 0
56, 0, 0.18916766345500946, 0.9317024946212769, 547800, 1.9018452167510986, 0, 0
57, 8, 0.36812907457351685, 0.8524960279464722, 547800, 1.7102890014648438, 0, 0
57, 9, 0.18786345422267914, 0.9301691055297852, 547800, 2.0024445056915283, 0, 0
57, 3, 0.10528779774904251, 0.9609019756317139, 547800, 2.0114705562591553, 0, 0
57, 6, 0.24832776188850403, 0.916786253452301, 547800, 2.156501293182373, 0, 0
57, 4, 0.08772299438714981, 0.9698082208633423, 547800, 2.276987075805664, 0, 0
58, 5, 0.16904908418655396, 0.9435886740684509, 547800, 1.7907207012176514, 0, 0
58, 9, 0.18476402759552002, 0.932169497013092, 547800, 2.0231096744537354, 0, 0
58, 3, 0.10136166960000992, 0.9649026989936829, 547800, 2.0337817668914795, 0, 0
58, 6, 0.23725464940071106, 0.9198150634765625, 547800, 2.1531524658203125, 0, 0
58, 4, 0.08018814027309418, 0.9736161828041077, 547800, 2.2724130153656006, 0, 0
59, 7, 0.21270449459552765, 0.922288179397583, 547800, 1.3611574172973633, 0, 0
59, 3, 0.1009039655327797, 0.9636297225952148, 547800, 1.937736988067627, 0, 0
59, 9, 0.17901968955993652, 0.9325332045555115, 547800, 1.9834730625152588, 0, 0
59, 0, 0.1932152807712555, 0.9287473559379578, 547800, 2.082430839538574, 0, 0
59, 1, 0.18858592212200165, 0.9306223392486572, 547800, 2.2668018341064453, 0, 0
60, 7, 0.2046220898628235, 0.922288179397583, 547800, 1.3750152587890625, 0, 0
60, 5, 0.1627638041973114, 0.94150710105896, 547800, 1.712195634841919, 0, 0
60, 3, 0.09774473309516907, 0.9649026989936829, 547800, 1.876366376876831, 0, 0
60, 4, 0.08114926517009735, 0.9725282192230225, 547800, 2.214322090148926, 0, 0
60, 1, 0.1748988926410675, 0.935819149017334, 547800, 2.265817880630493, 0, 0
61, 7, 0.20070062577724457, 0.9228278398513794, 547800, 1.4576706886291504, 0, 0
61, 8, 0.3885534107685089, 0.8454935550689697, 547800, 1.6720328330993652, 0, 0
61, 6, 0.25694170594215393, 0.9108879566192627, 547800, 1.9897782802581787, 0, 0
61, 1, 0.1731109619140625, 0.9369884133338928, 547800, 2.1721785068511963, 0, 0
61, 5, 0.15394212305545807, 0.9467110633850098, 547800, 2.605782985687256, 0, 0
62, 7, 0.19131533801555634, 0.9293038249015808, 547800, 1.414339542388916, 0, 0
62, 5, 0.14754630625247955, 0.9446294903755188, 547800, 1.7475643157958984, 0, 0
62, 9, 0.18534508347511292, 0.9292598366737366, 547800, 1.9267387390136719, 0, 0
62, 6, 0.2329123169183731, 0.9171050786972046, 547800, 2.031571865081787, 0, 0
62, 2, 0.21430902183055878, 0.9223211407661438, 547800, 2.311300277709961, 0, 0
63, 3, 0.10342394560575485, 0.9630842208862305, 547800, 2.0521843433380127, 0, 0
63, 0, 0.1922338306903839, 0.9300607442855835, 547800, 2.213378429412842, 0, 0
63, 1, 0.17511530220508575, 0.9359490871429443, 547800, 2.5866754055023193, 0, 0
63, 4, 0.08259519189596176, 0.9715762138366699, 547800, 2.6304752826690674, 0, 0
63, 2, 0.20152553915977478, 0.9264824986457825, 547800, 2.7186343669891357, 0, 0
64, 7, 0.2012854963541031, 0.9244468212127686, 547800, 1.427757740020752, 0, 0
64, 8, 0.3813755512237549, 0.8506889343261719, 547800, 1.6508393287658691, 0, 0
64, 3, 0.09317414462566376, 0.9692671298980713, 547800, 1.9060046672821045, 0, 0
64, 4, 0.07417820394039154, 0.9730722308158875, 547800, 2.2169346809387207, 0, 0
64, 1, 0.16665072739124298, 0.9378978610038757, 547800, 2.271038055419922, 0, 0
65, 7, 0.1922701597213745, 0.9287641644477844, 547800, 1.4019253253936768, 0, 0
65, 9, 0.17981117963790894, 0.9338061213493347, 547800, 1.9299609661102295, 0, 0
65, 3, 0.09258847683668137, 0.9672667980194092, 547800, 1.9330358505249023, 0, 0
65, 6, 0.23777399957180023, 0.9188585877418518, 547800, 2.1071369647979736, 0, 0
65, 1, 0.15790729224681854, 0.9411458969116211, 547800, 2.2746706008911133, 0, 0
66, 5, 0.15564490854740143, 0.944005012512207, 547800, 1.798682689666748, 0, 0
66, 3, 0.09084568917751312, 0.9696308374404907, 547800, 2.0678791999816895, 0, 0
66, 0, 0.19673259556293488, 0.9285831451416016, 547800, 2.1837213039398193, 0, 0
66, 4, 0.07394297420978546, 0.9749761819839478, 547800, 2.3905346393585205, 0, 0
66, 1, 0.1550421267747879, 0.9417955279350281, 547800, 2.4223217964172363, 0, 0
67, 8, 0.37755391001701355, 0.8500112891197205, 547800, 1.654503583908081, 0, 0
67, 5, 0.1469123512506485, 0.947543740272522, 547800, 1.7769052982330322, 0, 0
67, 9, 0.18085628747940063, 0.929623544216156, 547800, 1.95573091506958, 0, 0
67, 3, 0.0864323154091835, 0.9714493751525879, 547800, 1.9641411304473877, 0, 0
67, 4, 0.06382603198289871, 0.9787841439247131, 547800, 2.1793417930603027, 0, 0
68, 8, 0.36128851771354675, 0.8565620183944702, 547800, 1.7279856204986572, 0, 0
68, 0, 0.1859615445137024, 0.9313741326332092, 547800, 2.1946122646331787, 0, 0
68, 4, 0.05992155894637108, 0.9806881546974182, 547800, 2.5368635654449463, 0, 0
68, 1, 0.15753933787345886, 0.9399766325950623, 547800, 2.5616300106048584, 0, 0
68, 2, 0.20362484455108643, 0.9291411638259888, 547800, 2.6840033531188965, 0, 0
69, 8, 0.3576125502586365, 0.8592726588249207, 547800, 1.7216742038726807, 0, 0
69, 5, 0.14466823637485504, 0.9481682181358337, 547800, 1.8137786388397217, 0, 0
69, 6, 0.23890376091003418, 0.9158297181129456, 547800, 2.1663458347320557, 0, 0
69, 4, 0.061631664633750916, 0.9809601306915283, 547800, 2.339386224746704, 0, 0
69, 2, 0.19188810884952545, 0.9301815032958984, 547800, 2.483238458633423, 0, 0
70, 8, 0.34934478998184204, 0.8576914668083191, 547800, 1.6893036365509033, 0, 0
70, 9, 0.17577840387821198, 0.9343516826629639, 547800, 1.981590986251831, 0, 0
70, 3, 0.09503792226314545, 0.96672123670578, 547800, 1.994502305984497, 0, 0
70, 4, 0.05906963720917702, 0.9821841716766357, 547800, 2.308397054672241, 0, 0
70, 2, 0.1806996613740921, 0.9342272281646729, 547800, 2.503570795059204, 0, 0
71, 7, 0.20800325274467468, 0.9203993678092957, 547800, 1.4280827045440674, 0, 0
71, 5, 0.1552439033985138, 0.9444212913513184, 547800, 1.7303476333618164, 0, 0
71, 9, 0.16588740050792694, 0.9363520741462708, 547800, 1.9158658981323242, 0, 0
71, 0, 0.19109715521335602, 0.9287473559379578, 547800, 2.0312302112579346, 0, 0
71, 1, 0.16208817064762115, 0.9429647922515869, 547800, 2.231044292449951, 0, 0
72, 7, 0.19004888832569122, 0.9268753528594971, 547800, 1.3935925960540771, 0, 0
72, 8, 0.35114744305610657, 0.8658233284950256, 547800, 1.6032226085662842, 0, 0
72, 3, 0.09655018150806427, 0.9661756753921509, 547800, 1.8849148750305176, 0, 0
72, 1, 0.1469191163778305, 0.945823073387146, 547800, 2.268693208694458, 0, 0
72, 2, 0.1773415058851242, 0.9373483061790466, 547800, 2.368558406829834, 0, 0
73, 5, 0.14106470346450806, 0.9496253132820129, 547800, 1.8574001789093018, 0, 0
73, 3, 0.08903937041759491, 0.9683578610420227, 547800, 2.0510544776916504, 0, 0
73, 9, 0.16865630447864532, 0.937443196773529, 547800, 2.0665948390960693, 0, 0
73, 6, 0.2368401437997818, 0.919018030166626, 547800, 2.210392713546753, 0, 0
73, 1, 0.14527201652526855, 0.9468623995780945, 547800, 2.3593392372131348, 0, 0
74, 7, 0.19427688419818878, 0.9290339946746826, 547800, 1.3732106685638428, 0, 0
74, 0, 0.18533451855182648, 0.933344304561615, 547800, 2.1241893768310547, 0, 0
74, 4, 0.07330421358346939, 0.9751121997833252, 547800, 2.4250729084014893, 0, 0
74, 1, 0.13903632760047913, 0.9501104354858398, 547800, 2.473895311355591, 0, 0
74, 2, 0.17341576516628265, 0.9380418658256531, 547800, 2.5971312522888184, 0, 0
75, 7, 0.19761933386325836, 0.929573655128479, 547800, 1.4396579265594482, 0, 0
75, 0, 0.17933763563632965, 0.9336726069450378, 547800, 2.134267807006836, 0, 0
75, 4, 0.06454893201589584, 0.9763361811637878, 547800, 2.4184319972991943, 0, 0
75, 1, 0.13964934647083282, 0.948941171169281, 547800, 2.4734702110290527, 0, 0
75, 2, 0.16921326518058777, 0.9374638795852661, 547800, 2.598499059677124, 0, 0
76, 7, 0.18492285907268524, 0.9290339946746826, 547800, 1.4435453414916992, 0, 0
76, 8, 0.3622991144657135, 0.8547549247741699, 547800, 1.6565587520599365, 0, 0
76, 3, 0.08986634016036987, 0.9696308374404907, 547800, 1.8963651657104492, 0, 0
76, 1, 0.1336844265460968, 0.9519293308258057, 547800, 2.2963545322418213, 0, 0
76, 2, 0.16258269548416138, 0.9410472512245178, 547800, 2.3994085788726807, 0, 0
77, 7, 0.18498900532722473, 0.928224503993988, 547800, 1.4436748027801514, 0, 0
77, 5, 0.14526906609535217, 0.9465029239654541, 547800, 1.7003581523895264, 0, 0
77, 9, 0.17083095014095306, 0.9390798211097717, 547800, 1.9062449932098389, 0, 0
77, 1, 0.12659505009651184, 0.955177366733551, 547800, 2.303436756134033, 0, 0
77, 2, 0.15347445011138916, 0.9453242421150208, 547800, 2.3939108848571777, 0, 0
78, 8, 0.3568439483642578, 0.8594985604286194, 547800, 1.6978421211242676, 0, 0
78, 0, 0.18885411322116852, 0.9289115071296692, 547800, 2.1074559688568115, 0, 0
78, 4, 0.06882801651954651, 0.9768801927566528, 547800, 2.2959039211273193, 0, 0
78, 1, 0.1278727650642395, 0.9558269381523132, 547800, 2.3423726558685303, 0, 0
78, 7, 0.1767464131116867, 0.93092280626297, 547800, 2.6092112064361572, 0, 0
79, 5, 0.13752888143062592, 0.95212322473526, 547800, 1.8388934135437012, 0, 0
79, 3, 0.09116597473621368, 0.9672667980194092, 547800, 2.020139217376709, 0, 0
79, 6, 0.2553752660751343, 0.9092937707901001, 547800, 2.1974873542785645, 0, 0
79, 1, 0.1208917424082756, 0.9590749740600586, 547800, 2.483614683151245, 0, 0
79, 2, 0.15932069718837738, 0.9427812099456787, 547800, 2.555516242980957, 0, 0
80, 8, 0.3402903974056244, 0.8680822253227234, 547800, 1.6717708110809326, 0, 0
80, 3, 0.08718860149383545, 0.9687215685844421, 547800, 1.9922175407409668, 0, 0
80, 9, 0.17027735710144043, 0.934897243976593, 547800, 2.0172109603881836, 0, 0
80, 6, 0.23131966590881348, 0.9210903644561768, 547800, 2.148022174835205, 0, 0
80, 4, 0.061516184359788895, 0.9797361493110657, 547800, 2.2674736976623535, 0, 0
81, 8, 0.33901116251945496, 0.8689857721328735, 547800, 1.726769208908081, 0, 0
81, 5, 0.15409529209136963, 0.9446294903755188, 547800, 1.8075571060180664, 0, 0
81, 0, 0.18327413499355316, 0.9349860548973083, 547800, 2.1360905170440674, 0, 0
81, 4, 0.051495615392923355, 0.983544111251831, 547800, 2.3478496074676514, 0, 0
81, 2, 0.15361499786376953, 0.944861888885498, 547800, 2.5065884590148926, 0, 0
82, 5, 0.1246798187494278, 0.9554538130760193, 547800, 1.6917662620544434, 0, 0
82, 3, 0.08536844700574875, 0.9718130826950073, 547800, 1.9016518592834473, 0, 0
82, 0, 0.17212030291557312, 0.9344935417175293, 547800, 2.0057871341705322, 0, 0
82, 6, 0.2276563048362732, 0.9210903644561768, 547800, 2.0369765758514404, 0, 0
82, 7, 0.1930246651172638, 0.9263356924057007, 547800, 2.6036217212677, 0, 0
83, 7, 0.17391203343868256, 0.9320021867752075, 547800, 1.436887264251709, 0, 0
83, 5, 0.1205676719546318, 0.9567027688026428, 547800, 1.7424952983856201, 0, 0
83, 6, 0.20249879360198975, 0.9281045794487, 547800, 2.104471206665039, 0, 0
83, 1, 0.13678953051567078, 0.948291540145874, 547800, 2.358055830001831, 0, 0
83, 2, 0.15334396064281464, 0.9461333751678467, 547800, 2.453930616378784, 0, 0
84, 3, 0.08228543400764465, 0.970721960067749, 547800, 2.0824167728424072, 0, 0
84, 0, 0.1694933921098709, 0.9364636540412903, 547800, 2.250760078430176, 0, 0
84, 6, 0.20730940997600555, 0.9253945350646973, 547800, 2.2979094982147217, 0, 0
84, 1, 0.1292516142129898, 0.9519293308258057, 547800, 2.544717788696289, 0, 0
84, 2, 0.14199352264404297, 0.9483296871185303, 547800, 2.641354560852051, 0, 0
85, 8, 0.3512420058250427, 0.8631126880645752, 547800, 1.6957144737243652, 0, 0
85, 9, 0.16844123601913452, 0.9359883666038513, 547800, 2.009288787841797, 0, 0
85, 3, 0.07776350528001785, 0.9732678532600403, 547800, 2.026663303375244, 0, 0
85, 6, 0.20687128603458405, 0.9290610551834106, 547800, 2.131042003631592, 0, 0
85, 0, 0.16220900416374207, 0.9394187927246094, 547800, 2.1353673934936523, 0, 0
86, 7, 0.17961129546165466, 0.9365893006324768, 547800, 1.3783082962036133, 0, 0
86, 5, 0.13069669902324677, 0.9539966583251953, 547800, 1.7071008682250977, 0, 0
86, 6, 0.2094142585992813, 0.9265104532241821, 547800, 2.070267915725708, 0, 0
86, 4, 0.06341642886400223, 0.9782401919364929, 547800, 2.284268856048584, 0, 0
86, 2, 0.14360499382019043, 0.9501791596412659, 547800, 2.4423844814300537, 0, 0
87, 7, 0.17228204011917114, 0.9347004890441895, 547800, 1.3839821815490723, 0, 0
87, 8, 0.33243003487586975, 0.8710187673568726, 547800, 1.635441780090332, 0, 0
87, 3, 0.07754022628068924, 0.9741771221160889, 547800, 1.8878557682037354, 0, 0
87, 9, 0.15932828187942505, 0.941443920135498, 547800, 1.897646427154541, 0, 0
87, 6, 0.19053666293621063, 0.9314522743225098, 547800, 1.9848287105560303, 0, 0
88, 8, 0.3234964609146118, 0.8748587965965271, 547800, 1.669219732284546, 0, 0
88, 3, 0.07774242758750916, 0.9725404381752014, 547800, 1.973829984664917, 0, 0
88, 9, 0.14182516932487488, 0.9507182836532593, 547800, 1.999053955078125, 0, 0
88, 4, 0.0586564801633358, 0.9804161787033081, 547800, 2.3241770267486572, 0, 0
88, 1, 0.13266417384147644, 0.9510198831558228, 547800, 2.3874874114990234, 0, 0
89, 8, 0.3149908781051636, 0.8791506886482239, 547800, 1.6729440689086914, 0, 0
89, 5, 0.13556714355945587, 0.9523313641548157, 547800, 1.7862138748168945, 0, 0
89, 3, 0.06859444081783295, 0.9765411615371704, 547800, 1.9646973609924316, 0, 0
89, 0, 0.16808710992336273, 0.9384337663650513, 547800, 2.080984592437744, 0, 0
89, 1, 0.12227732688188553, 0.9569962620735168, 547800, 2.27595853805542, 0, 0
90, 7, 0.17481565475463867, 0.9344306588172913, 547800, 1.4001688957214355, 0, 0
90, 5, 0.11222951114177704, 0.9619067311286926, 547800, 1.7451081275939941, 0, 0
90, 9, 0.15204113721847534, 0.9423531293869019, 547800, 1.911790132522583, 0, 0
90, 0, 0.15953737497329712, 0.9402397274971008, 547800, 2.0128045082092285, 0, 0
90, 6, 0.19500689208507538, 0.9330464005470276, 547800, 2.043642520904541, 0, 0
91, 0, 0.14553183317184448, 0.9492694139480591, 547800, 2.252171516418457, 0, 0
91, 6, 0.1792963743209839, 0.9391040802001953, 547800, 2.275339126586914, 0, 0
91, 4, 0.05772126466035843, 0.9797361493110657, 547800, 2.451559543609619, 0, 0
91, 2, 0.15186013281345367, 0.9433591365814209, 547800, 2.607656240463257, 0, 0
91, 9, 0.13724485039710999, 0.9503546357154846, 547800, 2.6329472064971924, 0, 0
92, 7, 0.1720333993434906, 0.9330815076828003, 547800, 1.4116559028625488, 0, 0
92, 8, 0.3254644274711609, 0.8721481561660767, 547800, 1.6364808082580566, 0, 0
92, 9, 0.13808673620224, 0.9483542442321777, 547800, 1.8981895446777344, 0, 0
92, 0, 0.14068928360939026, 0.9481201767921448, 547800, 2.007089614868164, 0, 0
92, 6, 0.19054654240608215, 0.9341622591018677, 547800, 2.0163309574127197, 0, 0
93, 7, 0.15357612073421478, 0.9403669834136963, 547800, 1.443042516708374, 0, 0
93, 3, 0.0770227238535881, 0.971994936466217, 547800, 1.9309923648834229, 0, 0
93, 6, 0.16573676466941833, 0.9427706003189087, 547800, 2.048830509185791, 0, 0
93, 1, 0.13071255385875702, 0.9512796998023987, 547800, 2.2138257026672363, 0, 0
93, 5, 0.13679735362529755, 0.9498334527015686, 547800, 2.6074233055114746, 0, 0
94, 8, 0.312876433134079, 0.8771176934242249, 547800, 1.6789271831512451, 0, 0
94, 9, 0.13608062267303467, 0.9490816593170166, 547800, 1.9595892429351807, 0, 0
94, 3, 0.07023629546165466, 0.9752682447433472, 547800, 2.00498104095459, 0, 0
94, 0, 0.14804144203662872, 0.9445083141326904, 547800, 2.090707302093506, 0, 0
94, 6, 0.16824690997600555, 0.9434082508087158, 547800, 2.1228983402252197, 0, 0
95, 7, 0.16597440838813782, 0.9360496401786804, 547800, 1.4083590507507324, 0, 0
95, 9, 0.12231903523206711, 0.9565375447273254, 547800, 1.9591553211212158, 0, 0
95, 0, 0.1322811394929886, 0.953209638595581, 547800, 2.1320035457611084, 0, 0
95, 1, 0.12231132388114929, 0.9564765691757202, 547800, 2.4169466495513916, 0, 0
95, 2, 0.15344543755054474, 0.9449774622917175, 547800, 2.5227322578430176, 0, 0
96, 5, 0.12166731059551239, 0.9567027688026428, 547800, 1.7966053485870361, 0, 0
96, 3, 0.07487902790307999, 0.9741771221160889, 547800, 2.007513999938965, 0, 0
96, 6, 0.1718367040157318, 0.9410170316696167, 547800, 2.2281696796417236, 0, 0
96, 4, 0.05395086482167244, 0.9830001592636108, 547800, 2.3805248737335205, 0, 0
96, 2, 0.13623742759227753, 0.9505259394645691, 547800, 2.5651416778564453, 0, 0
97, 8, 0.3241746127605438, 0.8768917918205261, 547800, 1.6329526901245117, 0, 0
97, 5, 0.11294888705015182, 0.9604496359825134, 547800, 1.7750661373138428, 0, 0
97, 9, 0.1428125947713852, 0.9479905366897583, 547800, 1.9680659770965576, 0, 0
97, 6, 0.16996122896671295, 0.9426112174987793, 547800, 2.102159261703491, 0, 0
97, 4, 0.04632404074072838, 0.9843600988388062, 547800, 2.2295494079589844, 0, 0
98, 7, 0.1647525429725647, 0.9430652856826782, 547800, 1.4295289516448975, 0, 0
98, 8, 0.3123001754283905, 0.8741811513900757, 547800, 1.6273412704467773, 0, 0
98, 3, 0.06471767276525497, 0.9776322841644287, 547800, 1.8654146194458008, 0, 0
98, 6, 0.16328205168247223, 0.9443647265434265, 547800, 2.036417007446289, 0, 0
98, 4, 0.04983896389603615, 0.9830001592636108, 547800, 2.1315643787384033, 0, 0
99, 7, 0.1580227166414261, 0.944144606590271, 547800, 1.4609742164611816, 0, 0
99, 5, 0.12941433489322662, 0.9546211361885071, 547800, 1.7644126415252686, 0, 0
99, 3, 0.06142263859510422, 0.9790871143341064, 547800, 1.9456737041473389, 0, 0
99, 0, 0.15101122856140137, 0.9464784264564514, 547800, 2.0347118377685547, 0, 0
99, 2, 0.1425049602985382, 0.9485608339309692, 547800, 2.342513084411621, 0, 0
100, 7, 0.15785935521125793, 0.9409066438674927, 547800, 1.4417424201965332, 0, 0
100, 5, 0.10833843052387238, 0.9610741138458252, 547800, 1.7021896839141846, 0, 0
100, 6, 0.16976431012153625, 0.9399011731147766, 547800, 2.090620994567871, 0, 0
100, 4, 0.04860125482082367, 0.982728123664856, 547800, 2.261728048324585, 0, 0
100, 2, 0.12583982944488525, 0.9527222514152527, 547800, 2.413877248764038, 0, 0
